solid Default
  facet normal 2.369179e-01 -7.417895e-01 -6.273901e-01
    outer loop
      vertex 1.625653e+01 -3.148538e+00 9.126753e+01
      vertex 1.532844e+01 -4.485694e+00 9.249804e+01
      vertex 1.514738e+01 -3.436773e+00 9.118948e+01
    endloop
  endfacet
  facet normal 2.369460e-01 -7.417941e-01 -6.273739e-01
    outer loop
      vertex 1.532844e+01 -4.485694e+00 9.249804e+01
      vertex 1.625653e+01 -3.148538e+00 9.126753e+01
      vertex 1.643812e+01 -4.197202e+00 9.257603e+01
    endloop
  endfacet
  facet normal -2.369460e-01 7.417941e-01 6.273739e-01
    outer loop
      vertex 1.643812e+01 -4.197202e+00 9.257603e+01
      vertex 1.625653e+01 -3.148538e+00 9.126753e+01
      vertex 1.532844e+01 -4.485694e+00 9.249804e+01
    endloop
  endfacet
  facet normal -2.369179e-01 7.417895e-01 6.273901e-01
    outer loop
      vertex 1.514738e+01 -3.436773e+00 9.118948e+01
      vertex 1.532844e+01 -4.485694e+00 9.249804e+01
      vertex 1.625653e+01 -3.148538e+00 9.126753e+01
    endloop
  endfacet
  facet normal 1.517321e-01 -3.311569e-01 -9.312962e-01
    outer loop
      vertex 1.625653e+01 -3.148538e+00 9.126753e+01
      vertex 1.479048e+01 -1.903491e+00 9.058595e+01
      vertex 1.589990e+01 -1.614481e+00 9.066394e+01
    endloop
  endfacet
  facet normal 1.516216e-01 -3.312741e-01 -9.312725e-01
    outer loop
      vertex 1.479048e+01 -1.903491e+00 9.058595e+01
      vertex 1.625653e+01 -3.148538e+00 9.126753e+01
      vertex 1.514738e+01 -3.436773e+00 9.118948e+01
    endloop
  endfacet
  facet normal -1.516216e-01 3.312741e-01 9.312725e-01
    outer loop
      vertex 1.514738e+01 -3.436773e+00 9.118948e+01
      vertex 1.625653e+01 -3.148538e+00 9.126753e+01
      vertex 1.479048e+01 -1.903491e+00 9.058595e+01
    endloop
  endfacet
  facet normal -1.517321e-01 3.311569e-01 9.312962e-01
    outer loop
      vertex 1.589990e+01 -1.614481e+00 9.066394e+01
      vertex 1.479048e+01 -1.903491e+00 9.058595e+01
      vertex 1.625653e+01 -3.148538e+00 9.126753e+01
    endloop
  endfacet
  facet normal 5.439568e-01 -6.163295e-01 -5.694287e-01
    outer loop
      vertex 1.722020e+01 -2.658693e+00 9.165790e+01
      vertex 1.643812e+01 -4.197202e+00 9.257603e+01
      vertex 1.625653e+01 -3.148538e+00 9.126753e+01
    endloop
  endfacet
  facet normal 5.440125e-01 -6.163273e-01 -5.693777e-01
    outer loop
      vertex 1.643812e+01 -4.197202e+00 9.257603e+01
      vertex 1.722020e+01 -2.658693e+00 9.165790e+01
      vertex 1.737947e+01 -3.580648e+00 9.280806e+01
    endloop
  endfacet
  facet normal -5.440125e-01 6.163273e-01 5.693777e-01
    outer loop
      vertex 1.737947e+01 -3.580648e+00 9.280806e+01
      vertex 1.722020e+01 -2.658693e+00 9.165790e+01
      vertex 1.643812e+01 -4.197202e+00 9.257603e+01
    endloop
  endfacet
  facet normal -5.439568e-01 6.163295e-01 5.694287e-01
    outer loop
      vertex 1.625653e+01 -3.148538e+00 9.126753e+01
      vertex 1.643812e+01 -4.197202e+00 9.257603e+01
      vertex 1.722020e+01 -2.658693e+00 9.165790e+01
    endloop
  endfacet
  facet normal 2.587784e-01 -9.533260e-01 -1.555739e-01
    outer loop
      vertex 1.643812e+01 -4.197202e+00 9.257603e+01
      vertex 1.528589e+01 -4.768481e+00 9.416012e+01
      vertex 1.532844e+01 -4.485694e+00 9.249804e+01
    endloop
  endfacet
  facet normal 2.585927e-01 -9.533528e-01 -1.557187e-01
    outer loop
      vertex 1.528589e+01 -4.768481e+00 9.416012e+01
      vertex 1.643812e+01 -4.197202e+00 9.257603e+01
      vertex 1.639503e+01 -4.480291e+00 9.423762e+01
    endloop
  endfacet
  facet normal -2.585927e-01 9.533528e-01 1.557187e-01
    outer loop
      vertex 1.639503e+01 -4.480291e+00 9.423762e+01
      vertex 1.643812e+01 -4.197202e+00 9.257603e+01
      vertex 1.528589e+01 -4.768481e+00 9.416012e+01
    endloop
  endfacet
  facet normal -2.587784e-01 9.533260e-01 1.555739e-01
    outer loop
      vertex 1.532844e+01 -4.485694e+00 9.249804e+01
      vertex 1.528589e+01 -4.768481e+00 9.416012e+01
      vertex 1.643812e+01 -4.197202e+00 9.257603e+01
    endloop
  endfacet
  facet normal 2.565536e-02 1.678454e-01 -9.854795e-01
    outer loop
      vertex 1.589990e+01 -1.614481e+00 9.066394e+01
      vertex 1.435327e+01 -2.955425e-01 9.084831e+01
      vertex 1.546295e+01 -7.046175e-03 9.092634e+01
    endloop
  endfacet
  facet normal 2.557365e-02 1.677521e-01 -9.854975e-01
    outer loop
      vertex 1.435327e+01 -2.955425e-01 9.084831e+01
      vertex 1.589990e+01 -1.614481e+00 9.066394e+01
      vertex 1.479048e+01 -1.903491e+00 9.058595e+01
    endloop
  endfacet
  facet normal -2.557365e-02 -1.677521e-01 9.854975e-01
    outer loop
      vertex 1.479048e+01 -1.903491e+00 9.058595e+01
      vertex 1.589990e+01 -1.614481e+00 9.066394e+01
      vertex 1.435327e+01 -2.955425e-01 9.084831e+01
    endloop
  endfacet
  facet normal -2.565536e-02 -1.678454e-01 9.854795e-01
    outer loop
      vertex 1.546295e+01 -7.046175e-03 9.092634e+01
      vertex 1.435327e+01 -2.955425e-01 9.084831e+01
      vertex 1.589990e+01 -1.614481e+00 9.066394e+01
    endloop
  endfacet
  facet normal 4.631242e-01 -2.293389e-01 -8.561072e-01
    outer loop
      vertex 1.722020e+01 -2.658693e+00 9.165790e+01
      vertex 1.589990e+01 -1.614481e+00 9.066394e+01
      vertex 1.690605e+01 -1.309741e+00 9.112659e+01
    endloop
  endfacet
  facet normal 4.632638e-01 -2.291410e-01 -8.560848e-01
    outer loop
      vertex 1.589990e+01 -1.614481e+00 9.066394e+01
      vertex 1.722020e+01 -2.658693e+00 9.165790e+01
      vertex 1.625653e+01 -3.148538e+00 9.126753e+01
    endloop
  endfacet
  facet normal -4.632638e-01 2.291410e-01 8.560848e-01
    outer loop
      vertex 1.625653e+01 -3.148538e+00 9.126753e+01
      vertex 1.722020e+01 -2.658693e+00 9.165790e+01
      vertex 1.589990e+01 -1.614481e+00 9.066394e+01
    endloop
  endfacet
  facet normal -4.631242e-01 2.293389e-01 8.561072e-01
    outer loop
      vertex 1.690605e+01 -1.309741e+00 9.112659e+01
      vertex 1.589990e+01 -1.614481e+00 9.066394e+01
      vertex 1.722020e+01 -2.658693e+00 9.165790e+01
    endloop
  endfacet
  facet normal 7.922576e-01 -4.178554e-01 -4.446625e-01
    outer loop
      vertex 1.792109e+01 -2.027183e+00 9.231325e+01
      vertex 1.737947e+01 -3.580648e+00 9.280806e+01
      vertex 1.722020e+01 -2.658693e+00 9.165790e+01
    endloop
  endfacet
  facet normal 7.920632e-01 -4.178882e-01 -4.449781e-01
    outer loop
      vertex 1.737947e+01 -3.580648e+00 9.280806e+01
      vertex 1.792109e+01 -2.027183e+00 9.231325e+01
      vertex 1.803955e+01 -2.711833e+00 9.316708e+01
    endloop
  endfacet
  facet normal -7.920632e-01 4.178882e-01 4.449781e-01
    outer loop
      vertex 1.803955e+01 -2.711833e+00 9.316708e+01
      vertex 1.792109e+01 -2.027183e+00 9.231325e+01
      vertex 1.737947e+01 -3.580648e+00 9.280806e+01
    endloop
  endfacet
  facet normal -7.922576e-01 4.178554e-01 4.446625e-01
    outer loop
      vertex 1.722020e+01 -2.658693e+00 9.165790e+01
      vertex 1.737947e+01 -3.580648e+00 9.280806e+01
      vertex 1.792109e+01 -2.027183e+00 9.231325e+01
    endloop
  endfacet
  facet normal 5.649163e-01 -8.157282e-01 -1.243271e-01
    outer loop
      vertex 1.737947e+01 -3.580648e+00 9.280806e+01
      vertex 1.639503e+01 -4.480291e+00 9.423762e+01
      vertex 1.643812e+01 -4.197202e+00 9.257603e+01
    endloop
  endfacet
  facet normal 5.645857e-01 -8.159053e-01 -1.246662e-01
    outer loop
      vertex 1.639503e+01 -4.480291e+00 9.423762e+01
      vertex 1.737947e+01 -3.580648e+00 9.280806e+01
      vertex 1.734195e+01 -3.829928e+00 9.426959e+01
    endloop
  endfacet
  facet normal -5.645857e-01 8.159053e-01 1.246662e-01
    outer loop
      vertex 1.734195e+01 -3.829928e+00 9.426959e+01
      vertex 1.737947e+01 -3.580648e+00 9.280806e+01
      vertex 1.639503e+01 -4.480291e+00 9.423762e+01
    endloop
  endfacet
  facet normal -5.649163e-01 8.157282e-01 1.243271e-01
    outer loop
      vertex 1.643812e+01 -4.197202e+00 9.257603e+01
      vertex 1.639503e+01 -4.480291e+00 9.423762e+01
      vertex 1.737947e+01 -3.580648e+00 9.280806e+01
    endloop
  endfacet
  facet normal 2.113195e-01 -9.095373e-01 3.578909e-01
    outer loop
      vertex 1.639503e+01 -4.480291e+00 9.423762e+01
      vertex 1.502999e+01 -4.210012e+00 9.573050e+01
      vertex 1.528589e+01 -4.768481e+00 9.416012e+01
    endloop
  endfacet
  facet normal 2.117089e-01 -9.093220e-01 3.582080e-01
    outer loop
      vertex 1.502999e+01 -4.210012e+00 9.573050e+01
      vertex 1.639503e+01 -4.480291e+00 9.423762e+01
      vertex 1.613941e+01 -3.921003e+00 9.580847e+01
    endloop
  endfacet
  facet normal -2.117089e-01 9.093220e-01 -3.582080e-01
    outer loop
      vertex 1.613941e+01 -3.921003e+00 9.580847e+01
      vertex 1.639503e+01 -4.480291e+00 9.423762e+01
      vertex 1.502999e+01 -4.210012e+00 9.573050e+01
    endloop
  endfacet
  facet normal -2.113195e-01 9.095373e-01 -3.578909e-01
    outer loop
      vertex 1.528589e+01 -4.768481e+00 9.416012e+01
      vertex 1.502999e+01 -4.210012e+00 9.573050e+01
      vertex 1.639503e+01 -4.480291e+00 9.423762e+01
    endloop
  endfacet
  facet normal -1.071325e-01 6.218507e-01 -7.757735e-01
    outer loop
      vertex 1.546295e+01 -7.046175e-03 9.092634e+01
      vertex 1.395356e+01 9.554283e-01 9.190629e+01
      vertex 1.506323e+01 1.243923e+00 9.198430e+01
    endloop
  endfacet
  facet normal -1.071250e-01 6.218578e-01 -7.757688e-01
    outer loop
      vertex 1.395356e+01 9.554283e-01 9.190629e+01
      vertex 1.546295e+01 -7.046175e-03 9.092634e+01
      vertex 1.435327e+01 -2.955425e-01 9.084831e+01
    endloop
  endfacet
  facet normal 1.071250e-01 -6.218578e-01 7.757688e-01
    outer loop
      vertex 1.435327e+01 -2.955425e-01 9.084831e+01
      vertex 1.546295e+01 -7.046175e-03 9.092634e+01
      vertex 1.395356e+01 9.554283e-01 9.190629e+01
    endloop
  endfacet
  facet normal 1.071325e-01 -6.218507e-01 7.757735e-01
    outer loop
      vertex 1.506323e+01 1.243923e+00 9.198430e+01
      vertex 1.395356e+01 9.554283e-01 9.190629e+01
      vertex 1.546295e+01 -7.046175e-03 9.092634e+01
    endloop
  endfacet
  facet normal 3.440463e-01 2.416517e-01 -9.073239e-01
    outer loop
      vertex 1.690605e+01 -1.309741e+00 9.112659e+01
      vertex 1.546295e+01 -7.046175e-03 9.092634e+01
      vertex 1.652200e+01 1.036624e-01 9.135741e+01
    endloop
  endfacet
  facet normal 3.440320e-01 2.416343e-01 -9.073340e-01
    outer loop
      vertex 1.546295e+01 -7.046175e-03 9.092634e+01
      vertex 1.690605e+01 -1.309741e+00 9.112659e+01
      vertex 1.589990e+01 -1.614481e+00 9.066394e+01
    endloop
  endfacet
  facet normal -3.440320e-01 -2.416343e-01 9.073340e-01
    outer loop
      vertex 1.589990e+01 -1.614481e+00 9.066394e+01
      vertex 1.690605e+01 -1.309741e+00 9.112659e+01
      vertex 1.546295e+01 -7.046175e-03 9.092634e+01
    endloop
  endfacet
  facet normal -3.440463e-01 -2.416517e-01 9.073239e-01
    outer loop
      vertex 1.652200e+01 1.036624e-01 9.135741e+01
      vertex 1.546295e+01 -7.046175e-03 9.092634e+01
      vertex 1.690605e+01 -1.309741e+00 9.112659e+01
    endloop
  endfacet
  facet normal 7.255338e-01 -9.975413e-02 -6.809183e-01
    outer loop
      vertex 1.792109e+01 -2.027183e+00 9.231325e+01
      vertex 1.690605e+01 -1.309741e+00 9.112659e+01
      vertex 1.768862e+01 -1.026054e+00 9.191889e+01
    endloop
  endfacet
  facet normal 7.257908e-01 -9.909654e-02 -6.807405e-01
    outer loop
      vertex 1.690605e+01 -1.309741e+00 9.112659e+01
      vertex 1.792109e+01 -2.027183e+00 9.231325e+01
      vertex 1.722020e+01 -2.658693e+00 9.165790e+01
    endloop
  endfacet
  facet normal -7.257908e-01 9.909654e-02 6.807405e-01
    outer loop
      vertex 1.722020e+01 -2.658693e+00 9.165790e+01
      vertex 1.792109e+01 -2.027183e+00 9.231325e+01
      vertex 1.690605e+01 -1.309741e+00 9.112659e+01
    endloop
  endfacet
  facet normal -7.255338e-01 9.975413e-02 6.809183e-01
    outer loop
      vertex 1.768862e+01 -1.026054e+00 9.191889e+01
      vertex 1.690605e+01 -1.309741e+00 9.112659e+01
      vertex 1.792109e+01 -2.027183e+00 9.231325e+01
    endloop
  endfacet
  facet normal 8.091686e-01 -5.823033e-01 -7.854319e-02
    outer loop
      vertex 1.803955e+01 -2.711833e+00 9.316708e+01
      vertex 1.734195e+01 -3.829928e+00 9.426959e+01
      vertex 1.737947e+01 -3.580648e+00 9.280806e+01
    endloop
  endfacet
  facet normal 8.092330e-01 -5.822294e-01 -7.842752e-02
    outer loop
      vertex 1.734195e+01 -3.829928e+00 9.426959e+01
      vertex 1.803955e+01 -2.711833e+00 9.316708e+01
      vertex 1.801190e+01 -2.896397e+00 9.425198e+01
    endloop
  endfacet
  facet normal -8.092330e-01 5.822294e-01 7.842752e-02
    outer loop
      vertex 1.801190e+01 -2.896397e+00 9.425198e+01
      vertex 1.803955e+01 -2.711833e+00 9.316708e+01
      vertex 1.734195e+01 -3.829928e+00 9.426959e+01
    endloop
  endfacet
  facet normal -8.091686e-01 5.823033e-01 7.854319e-02
    outer loop
      vertex 1.737947e+01 -3.580648e+00 9.280806e+01
      vertex 1.734195e+01 -3.829928e+00 9.426959e+01
      vertex 1.803955e+01 -2.711833e+00 9.316708e+01
    endloop
  endfacet
  facet normal 5.198119e-01 -7.745548e-01 3.603616e-01
    outer loop
      vertex 1.734195e+01 -3.829928e+00 9.426959e+01
      vertex 1.613941e+01 -3.921003e+00 9.580847e+01
      vertex 1.639503e+01 -4.480291e+00 9.423762e+01
    endloop
  endfacet
  facet normal 5.195826e-01 -7.747988e-01 3.601680e-01
    outer loop
      vertex 1.613941e+01 -3.921003e+00 9.580847e+01
      vertex 1.734195e+01 -3.829928e+00 9.426959e+01
      vertex 1.711721e+01 -3.338426e+00 9.565112e+01
    endloop
  endfacet
  facet normal -5.195826e-01 7.747988e-01 -3.601680e-01
    outer loop
      vertex 1.711721e+01 -3.338426e+00 9.565112e+01
      vertex 1.734195e+01 -3.829928e+00 9.426959e+01
      vertex 1.613941e+01 -3.921003e+00 9.580847e+01
    endloop
  endfacet
  facet normal -5.198119e-01 7.745548e-01 -3.603616e-01
    outer loop
      vertex 1.639503e+01 -4.480291e+00 9.423762e+01
      vertex 1.613941e+01 -3.921003e+00 9.580847e+01
      vertex 1.734195e+01 -3.829928e+00 9.426959e+01
    endloop
  endfacet
  facet normal 1.077979e-01 -6.216806e-01 7.758175e-01
    outer loop
      vertex 1.463030e+01 -2.958991e+00 9.678904e+01
      vertex 1.613941e+01 -3.921003e+00 9.580847e+01
      vertex 1.573967e+01 -2.670046e+00 9.686643e+01
    endloop
  endfacet
  facet normal 1.075097e-01 -6.219518e-01 7.756402e-01
    outer loop
      vertex 1.613941e+01 -3.921003e+00 9.580847e+01
      vertex 1.463030e+01 -2.958991e+00 9.678904e+01
      vertex 1.502999e+01 -4.210012e+00 9.573050e+01
    endloop
  endfacet
  facet normal -1.075097e-01 6.219518e-01 -7.756402e-01
    outer loop
      vertex 1.502999e+01 -4.210012e+00 9.573050e+01
      vertex 1.463030e+01 -2.958991e+00 9.678904e+01
      vertex 1.613941e+01 -3.921003e+00 9.580847e+01
    endloop
  endfacet
  facet normal -1.077979e-01 6.216806e-01 -7.758175e-01
    outer loop
      vertex 1.573967e+01 -2.670046e+00 9.686643e+01
      vertex 1.613941e+01 -3.921003e+00 9.580847e+01
      vertex 1.463030e+01 -2.958991e+00 9.678904e+01
    endloop
  endfacet
  facet normal -2.113052e-01 9.095448e-01 -3.578804e-01
    outer loop
      vertex 1.369819e+01 1.514202e+00 9.347718e+01
      vertex 1.506323e+01 1.243923e+00 9.198430e+01
      vertex 1.395356e+01 9.554283e-01 9.190629e+01
    endloop
  endfacet
  facet normal -2.118286e-01 9.092552e-01 -3.583066e-01
    outer loop
      vertex 1.506323e+01 1.243923e+00 9.198430e+01
      vertex 1.369819e+01 1.514202e+00 9.347718e+01
      vertex 1.480759e+01 1.803161e+00 9.355458e+01
    endloop
  endfacet
  facet normal 2.118286e-01 -9.092552e-01 3.583066e-01
    outer loop
      vertex 1.480759e+01 1.803161e+00 9.355458e+01
      vertex 1.369819e+01 1.514202e+00 9.347718e+01
      vertex 1.506323e+01 1.243923e+00 9.198430e+01
    endloop
  endfacet
  facet normal 2.113052e-01 -9.095448e-01 3.578804e-01
    outer loop
      vertex 1.395356e+01 9.554283e-01 9.190629e+01
      vertex 1.506323e+01 1.243923e+00 9.198430e+01
      vertex 1.369819e+01 1.514202e+00 9.347718e+01
    endloop
  endfacet
  facet normal 2.187013e-01 6.698780e-01 -7.095303e-01
    outer loop
      vertex 1.652200e+01 1.036624e-01 9.135741e+01
      vertex 1.506323e+01 1.243923e+00 9.198430e+01
      vertex 1.617062e+01 1.204159e+00 9.228809e+01
    endloop
  endfacet
  facet normal 2.187503e-01 6.699138e-01 -7.094815e-01
    outer loop
      vertex 1.506323e+01 1.243923e+00 9.198430e+01
      vertex 1.652200e+01 1.036624e-01 9.135741e+01
      vertex 1.546295e+01 -7.046175e-03 9.092634e+01
    endloop
  endfacet
  facet normal -2.187503e-01 -6.699138e-01 7.094815e-01
    outer loop
      vertex 1.546295e+01 -7.046175e-03 9.092634e+01
      vertex 1.652200e+01 1.036624e-01 9.135741e+01
      vertex 1.506323e+01 1.243923e+00 9.198430e+01
    endloop
  endfacet
  facet normal -2.187013e-01 -6.698780e-01 7.095303e-01
    outer loop
      vertex 1.617062e+01 1.204159e+00 9.228809e+01
      vertex 1.506323e+01 1.243923e+00 9.198430e+01
      vertex 1.652200e+01 1.036624e-01 9.135741e+01
    endloop
  endfacet
  facet normal 6.276911e-01 2.886181e-01 -7.229824e-01
    outer loop
      vertex 1.740339e+01 2.318827e-02 9.209050e+01
      vertex 1.690605e+01 -1.309741e+00 9.112659e+01
      vertex 1.652200e+01 1.036624e-01 9.135741e+01
    endloop
  endfacet
  facet normal 6.274129e-01 2.888341e-01 -7.231377e-01
    outer loop
      vertex 1.690605e+01 -1.309741e+00 9.112659e+01
      vertex 1.740339e+01 2.318827e-02 9.209050e+01
      vertex 1.768862e+01 -1.026054e+00 9.191889e+01
    endloop
  endfacet
  facet normal -6.274129e-01 -2.888341e-01 7.231377e-01
    outer loop
      vertex 1.768862e+01 -1.026054e+00 9.191889e+01
      vertex 1.740339e+01 2.318827e-02 9.209050e+01
      vertex 1.690605e+01 -1.309741e+00 9.112659e+01
    endloop
  endfacet
  facet normal -6.276911e-01 -2.886181e-01 7.229824e-01
    outer loop
      vertex 1.652200e+01 1.036624e-01 9.135741e+01
      vertex 1.690605e+01 -1.309741e+00 9.112659e+01
      vertex 1.740339e+01 2.318827e-02 9.209050e+01
    endloop
  endfacet
  facet normal 7.723797e-01 -5.482557e-01 3.206951e-01
    outer loop
      vertex 1.801190e+01 -2.896397e+00 9.425198e+01
      vertex 1.711721e+01 -3.338426e+00 9.565112e+01
      vertex 1.734195e+01 -3.829928e+00 9.426959e+01
    endloop
  endfacet
  facet normal 7.723904e-01 -5.482323e-01 3.207094e-01
    outer loop
      vertex 1.711721e+01 -3.338426e+00 9.565112e+01
      vertex 1.801190e+01 -2.896397e+00 9.425198e+01
      vertex 1.784512e+01 -2.531851e+00 9.527683e+01
    endloop
  endfacet
  facet normal -7.723904e-01 5.482323e-01 -3.207094e-01
    outer loop
      vertex 1.784512e+01 -2.531851e+00 9.527683e+01
      vertex 1.801190e+01 -2.896397e+00 9.425198e+01
      vertex 1.711721e+01 -3.338426e+00 9.565112e+01
    endloop
  endfacet
  facet normal -7.723797e-01 5.482557e-01 -3.206951e-01
    outer loop
      vertex 1.734195e+01 -3.829928e+00 9.426959e+01
      vertex 1.711721e+01 -3.338426e+00 9.565112e+01
      vertex 1.801190e+01 -2.896397e+00 9.425198e+01
    endloop
  endfacet
  facet normal 4.215531e-01 -5.030381e-01 7.544838e-01
    outer loop
      vertex 1.573967e+01 -2.670046e+00 9.686643e+01
      vertex 1.711721e+01 -3.338426e+00 9.565112e+01
      vertex 1.676529e+01 -2.238235e+00 9.658129e+01
    endloop
  endfacet
  facet normal 4.213071e-01 -5.033801e-01 7.543930e-01
    outer loop
      vertex 1.711721e+01 -3.338426e+00 9.565112e+01
      vertex 1.573967e+01 -2.670046e+00 9.686643e+01
      vertex 1.613941e+01 -3.921003e+00 9.580847e+01
    endloop
  endfacet
  facet normal -4.213071e-01 5.033801e-01 -7.543930e-01
    outer loop
      vertex 1.613941e+01 -3.921003e+00 9.580847e+01
      vertex 1.573967e+01 -2.670046e+00 9.686643e+01
      vertex 1.711721e+01 -3.338426e+00 9.565112e+01
    endloop
  endfacet
  facet normal -4.215531e-01 5.030381e-01 -7.544838e-01
    outer loop
      vertex 1.676529e+01 -2.238235e+00 9.658129e+01
      vertex 1.711721e+01 -3.338426e+00 9.565112e+01
      vertex 1.573967e+01 -2.670046e+00 9.686643e+01
    endloop
  endfacet
  facet normal -2.507173e-02 -1.676905e-01 9.855208e-01
    outer loop
      vertex 1.419334e+01 -1.351561e+00 9.705144e+01
      vertex 1.573967e+01 -2.670046e+00 9.686643e+01
      vertex 1.530274e+01 -1.062599e+00 9.712883e+01
    endloop
  endfacet
  facet normal -2.507613e-02 -1.676956e-01 9.855198e-01
    outer loop
      vertex 1.573967e+01 -2.670046e+00 9.686643e+01
      vertex 1.419334e+01 -1.351561e+00 9.705144e+01
      vertex 1.463030e+01 -2.958991e+00 9.678904e+01
    endloop
  endfacet
  facet normal 2.507613e-02 1.676956e-01 -9.855198e-01
    outer loop
      vertex 1.463030e+01 -2.958991e+00 9.678904e+01
      vertex 1.419334e+01 -1.351561e+00 9.705144e+01
      vertex 1.573967e+01 -2.670046e+00 9.686643e+01
    endloop
  endfacet
  facet normal 2.507173e-02 1.676905e-01 -9.855208e-01
    outer loop
      vertex 1.530274e+01 -1.062599e+00 9.712883e+01
      vertex 1.573967e+01 -2.670046e+00 9.686643e+01
      vertex 1.419334e+01 -1.351561e+00 9.705144e+01
    endloop
  endfacet
  facet normal -2.591383e-01 9.532232e-01 1.556048e-01
    outer loop
      vertex 1.365513e+01 1.231164e+00 9.513933e+01
      vertex 1.480759e+01 1.803161e+00 9.355458e+01
      vertex 1.369819e+01 1.514202e+00 9.347718e+01
    endloop
  endfacet
  facet normal -2.591392e-01 9.532231e-01 1.556042e-01
    outer loop
      vertex 1.480759e+01 1.803161e+00 9.355458e+01
      vertex 1.365513e+01 1.231164e+00 9.513933e+01
      vertex 1.476451e+01 1.520118e+00 9.521675e+01
    endloop
  endfacet
  facet normal 2.591392e-01 -9.532231e-01 -1.556042e-01
    outer loop
      vertex 1.476451e+01 1.520118e+00 9.521675e+01
      vertex 1.365513e+01 1.231164e+00 9.513933e+01
      vertex 1.480759e+01 1.803161e+00 9.355458e+01
    endloop
  endfacet
  facet normal 2.591383e-01 -9.532232e-01 -1.556048e-01
    outer loop
      vertex 1.369819e+01 1.514202e+00 9.347718e+01
      vertex 1.480759e+01 1.803161e+00 9.355458e+01
      vertex 1.365513e+01 1.231164e+00 9.513933e+01
    endloop
  endfacet
  facet normal 1.203792e-01 9.412231e-01 -3.156075e-01
    outer loop
      vertex 1.480759e+01 1.803161e+00 9.355458e+01
      vertex 1.617062e+01 1.204159e+00 9.228809e+01
      vertex 1.506323e+01 1.243923e+00 9.198430e+01
    endloop
  endfacet
  facet normal 1.206497e-01 9.412774e-01 -3.153420e-01
    outer loop
      vertex 1.617062e+01 1.204159e+00 9.228809e+01
      vertex 1.480759e+01 1.803161e+00 9.355458e+01
      vertex 1.594586e+01 1.695609e+00 9.366905e+01
    endloop
  endfacet
  facet normal -1.206497e-01 -9.412774e-01 3.153420e-01
    outer loop
      vertex 1.594586e+01 1.695609e+00 9.366905e+01
      vertex 1.480759e+01 1.803161e+00 9.355458e+01
      vertex 1.617062e+01 1.204159e+00 9.228809e+01
    endloop
  endfacet
  facet normal -1.203792e-01 -9.412231e-01 3.156075e-01
    outer loop
      vertex 1.506323e+01 1.243923e+00 9.198430e+01
      vertex 1.617062e+01 1.204159e+00 9.228809e+01
      vertex 1.480759e+01 1.803161e+00 9.355458e+01
    endloop
  endfacet
  facet normal 5.247166e-01 6.411398e-01 -5.600110e-01
    outer loop
      vertex 1.714201e+01 8.397686e-01 9.278109e+01
      vertex 1.652200e+01 1.036624e-01 9.135741e+01
      vertex 1.617062e+01 1.204159e+00 9.228809e+01
    endloop
  endfacet
  facet normal 5.243513e-01 6.414412e-01 -5.600078e-01
    outer loop
      vertex 1.652200e+01 1.036624e-01 9.135741e+01
      vertex 1.714201e+01 8.397686e-01 9.278109e+01
      vertex 1.740339e+01 2.318827e-02 9.209050e+01
    endloop
  endfacet
  facet normal -5.243513e-01 -6.414412e-01 5.600078e-01
    outer loop
      vertex 1.740339e+01 2.318827e-02 9.209050e+01
      vertex 1.714201e+01 8.397686e-01 9.278109e+01
      vertex 1.652200e+01 1.036624e-01 9.135741e+01
    endloop
  endfacet
  facet normal -5.247166e-01 -6.411398e-01 5.600110e-01
    outer loop
      vertex 1.617062e+01 1.204159e+00 9.228809e+01
      vertex 1.652200e+01 1.036624e-01 9.135741e+01
      vertex 1.714201e+01 8.397686e-01 9.278109e+01
    endloop
  endfacet
  facet normal 6.914622e-01 -3.245129e-01 6.454235e-01
    outer loop
      vertex 1.758373e+01 -1.715270e+00 9.596743e+01
      vertex 1.711721e+01 -3.338426e+00 9.565112e+01
      vertex 1.784512e+01 -2.531851e+00 9.527683e+01
    endloop
  endfacet
  facet normal 6.914489e-01 -3.245119e-01 6.454383e-01
    outer loop
      vertex 1.711721e+01 -3.338426e+00 9.565112e+01
      vertex 1.758373e+01 -1.715270e+00 9.596743e+01
      vertex 1.676529e+01 -2.238235e+00 9.658129e+01
    endloop
  endfacet
  facet normal -6.914489e-01 3.245119e-01 -6.454383e-01
    outer loop
      vertex 1.676529e+01 -2.238235e+00 9.658129e+01
      vertex 1.758373e+01 -1.715270e+00 9.596743e+01
      vertex 1.711721e+01 -3.338426e+00 9.565112e+01
    endloop
  endfacet
  facet normal -6.914622e-01 3.245129e-01 -6.454235e-01
    outer loop
      vertex 1.784512e+01 -2.531851e+00 9.527683e+01
      vertex 1.711721e+01 -3.338426e+00 9.565112e+01
      vertex 1.758373e+01 -1.715270e+00 9.596743e+01
    endloop
  endfacet
  facet normal 2.961588e-01 -7.503664e-02 9.521868e-01
    outer loop
      vertex 1.530274e+01 -1.062599e+00 9.712883e+01
      vertex 1.676529e+01 -2.238235e+00 9.658129e+01
      vertex 1.638125e+01 -8.248270e-01 9.681212e+01
    endloop
  endfacet
  facet normal 2.962580e-01 -7.490365e-02 9.521663e-01
    outer loop
      vertex 1.676529e+01 -2.238235e+00 9.658129e+01
      vertex 1.530274e+01 -1.062599e+00 9.712883e+01
      vertex 1.573967e+01 -2.670046e+00 9.686643e+01
    endloop
  endfacet
  facet normal -2.962580e-01 7.490365e-02 -9.521663e-01
    outer loop
      vertex 1.573967e+01 -2.670046e+00 9.686643e+01
      vertex 1.530274e+01 -1.062599e+00 9.712883e+01
      vertex 1.676529e+01 -2.238235e+00 9.658129e+01
    endloop
  endfacet
  facet normal -2.961588e-01 7.503664e-02 -9.521868e-01
    outer loop
      vertex 1.638125e+01 -8.248270e-01 9.681212e+01
      vertex 1.676529e+01 -2.238235e+00 9.658129e+01
      vertex 1.530274e+01 -1.062599e+00 9.712883e+01
    endloop
  endfacet
  facet normal -1.517335e-01 3.311557e-01 9.312963e-01
    outer loop
      vertex 1.383669e+01 1.824511e-01 9.644725e+01
      vertex 1.530274e+01 -1.062599e+00 9.712883e+01
      vertex 1.494610e+01 4.714539e-01 9.652523e+01
    endloop
  endfacet
  facet normal -1.513278e-01 3.315857e-01 9.312093e-01
    outer loop
      vertex 1.530274e+01 -1.062599e+00 9.712883e+01
      vertex 1.383669e+01 1.824511e-01 9.644725e+01
      vertex 1.419334e+01 -1.351561e+00 9.705144e+01
    endloop
  endfacet
  facet normal 1.513278e-01 -3.315857e-01 -9.312093e-01
    outer loop
      vertex 1.419334e+01 -1.351561e+00 9.705144e+01
      vertex 1.383669e+01 1.824511e-01 9.644725e+01
      vertex 1.530274e+01 -1.062599e+00 9.712883e+01
    endloop
  endfacet
  facet normal 1.517335e-01 -3.311557e-01 -9.312963e-01
    outer loop
      vertex 1.494610e+01 4.714539e-01 9.652523e+01
      vertex 1.530274e+01 -1.062599e+00 9.712883e+01
      vertex 1.383669e+01 1.824511e-01 9.644725e+01
    endloop
  endfacet
  facet normal -2.369655e-01 7.416371e-01 6.275522e-01
    outer loop
      vertex 1.383669e+01 1.824511e-01 9.644725e+01
      vertex 1.476451e+01 1.520118e+00 9.521675e+01
      vertex 1.365513e+01 1.231164e+00 9.513933e+01
    endloop
  endfacet
  facet normal -2.373141e-01 7.416949e-01 6.273522e-01
    outer loop
      vertex 1.476451e+01 1.520118e+00 9.521675e+01
      vertex 1.383669e+01 1.824511e-01 9.644725e+01
      vertex 1.494610e+01 4.714539e-01 9.652523e+01
    endloop
  endfacet
  facet normal 2.373141e-01 -7.416949e-01 -6.273522e-01
    outer loop
      vertex 1.494610e+01 4.714539e-01 9.652523e+01
      vertex 1.383669e+01 1.824511e-01 9.644725e+01
      vertex 1.476451e+01 1.520118e+00 9.521675e+01
    endloop
  endfacet
  facet normal 2.369655e-01 -7.416371e-01 -6.275522e-01
    outer loop
      vertex 1.365513e+01 1.231164e+00 9.513933e+01
      vertex 1.476451e+01 1.520118e+00 9.521675e+01
      vertex 1.383669e+01 1.824511e-01 9.644725e+01
    endloop
  endfacet
  facet normal 7.582189e-02 9.826445e-01 1.692952e-01
    outer loop
      vertex 1.476451e+01 1.520118e+00 9.521675e+01
      vertex 1.594586e+01 1.695609e+00 9.366905e+01
      vertex 1.480759e+01 1.803161e+00 9.355458e+01
    endloop
  endfacet
  facet normal 7.571783e-02 9.826658e-01 1.692182e-01
    outer loop
      vertex 1.594586e+01 1.695609e+00 9.366905e+01
      vertex 1.476451e+01 1.520118e+00 9.521675e+01
      vertex 1.590808e+01 1.446845e+00 9.513055e+01
    endloop
  endfacet
  facet normal -7.571783e-02 -9.826658e-01 -1.692182e-01
    outer loop
      vertex 1.590808e+01 1.446845e+00 9.513055e+01
      vertex 1.476451e+01 1.520118e+00 9.521675e+01
      vertex 1.594586e+01 1.695609e+00 9.366905e+01
    endloop
  endfacet
  facet normal -7.582189e-02 -9.826445e-01 -1.692952e-01
    outer loop
      vertex 1.480759e+01 1.803161e+00 9.355458e+01
      vertex 1.594586e+01 1.695609e+00 9.366905e+01
      vertex 1.476451e+01 1.520118e+00 9.521675e+01
    endloop
  endfacet
  facet normal 4.435870e-01 8.647262e-01 -2.355399e-01
    outer loop
      vertex 1.697575e+01 1.204571e+00 9.380589e+01
      vertex 1.617062e+01 1.204159e+00 9.228809e+01
      vertex 1.594586e+01 1.695609e+00 9.366905e+01
    endloop
  endfacet
  facet normal 4.439231e-01 8.645051e-01 -2.357181e-01
    outer loop
      vertex 1.617062e+01 1.204159e+00 9.228809e+01
      vertex 1.697575e+01 1.204571e+00 9.380589e+01
      vertex 1.714201e+01 8.397686e-01 9.278109e+01
    endloop
  endfacet
  facet normal -4.439231e-01 -8.645051e-01 2.357181e-01
    outer loop
      vertex 1.714201e+01 8.397686e-01 9.278109e+01
      vertex 1.697575e+01 1.204571e+00 9.380589e+01
      vertex 1.617062e+01 1.204159e+00 9.228809e+01
    endloop
  endfacet
  facet normal -4.435870e-01 -8.647262e-01 2.355399e-01
    outer loop
      vertex 1.594586e+01 1.695609e+00 9.366905e+01
      vertex 1.617062e+01 1.204159e+00 9.228809e+01
      vertex 1.697575e+01 1.204571e+00 9.380589e+01
    endloop
  endfacet
  facet normal 5.880927e-01 2.738713e-02 8.083298e-01
    outer loop
      vertex 1.638125e+01 -8.248270e-01 9.681212e+01
      vertex 1.758373e+01 -1.715270e+00 9.596743e+01
      vertex 1.729903e+01 -6.657698e-01 9.613901e+01
    endloop
  endfacet
  facet normal 5.883216e-01 2.786989e-02 8.081466e-01
    outer loop
      vertex 1.758373e+01 -1.715270e+00 9.596743e+01
      vertex 1.638125e+01 -8.248270e-01 9.681212e+01
      vertex 1.676529e+01 -2.238235e+00 9.658129e+01
    endloop
  endfacet
  facet normal -5.883216e-01 -2.786989e-02 -8.081466e-01
    outer loop
      vertex 1.676529e+01 -2.238235e+00 9.658129e+01
      vertex 1.638125e+01 -8.248270e-01 9.681212e+01
      vertex 1.758373e+01 -1.715270e+00 9.596743e+01
    endloop
  endfacet
  facet normal -5.880927e-01 -2.738713e-02 -8.083298e-01
    outer loop
      vertex 1.729903e+01 -6.657698e-01 9.613901e+01
      vertex 1.758373e+01 -1.715270e+00 9.596743e+01
      vertex 1.638125e+01 -8.248270e-01 9.681212e+01
    endloop
  endfacet
  facet normal 1.772981e-01 3.957153e-01 9.010965e-01
    outer loop
      vertex 1.494610e+01 4.714539e-01 9.652523e+01
      vertex 1.638125e+01 -8.248270e-01 9.681212e+01
      vertex 1.606764e+01 5.244235e-01 9.628130e+01
    endloop
  endfacet
  facet normal 1.773515e-01 3.957670e-01 9.010633e-01
    outer loop
      vertex 1.638125e+01 -8.248270e-01 9.681212e+01
      vertex 1.494610e+01 4.714539e-01 9.652523e+01
      vertex 1.530274e+01 -1.062599e+00 9.712883e+01
    endloop
  endfacet
  facet normal -1.773515e-01 -3.957670e-01 -9.010633e-01
    outer loop
      vertex 1.530274e+01 -1.062599e+00 9.712883e+01
      vertex 1.494610e+01 4.714539e-01 9.652523e+01
      vertex 1.638125e+01 -8.248270e-01 9.681212e+01
    endloop
  endfacet
  facet normal -1.772981e-01 -3.957153e-01 -9.010965e-01
    outer loop
      vertex 1.606764e+01 5.244235e-01 9.628130e+01
      vertex 1.638125e+01 -8.248270e-01 9.681212e+01
      vertex 1.494610e+01 4.714539e-01 9.652523e+01
    endloop
  endfacet
  facet normal 9.648342e-02 7.831110e-01 6.143516e-01
    outer loop
      vertex 1.476451e+01 1.520118e+00 9.521675e+01
      vertex 1.606764e+01 5.244235e-01 9.628130e+01
      vertex 1.590808e+01 1.446845e+00 9.513055e+01
    endloop
  endfacet
  facet normal 9.661070e-02 7.831725e-01 6.142535e-01
    outer loop
      vertex 1.606764e+01 5.244235e-01 9.628130e+01
      vertex 1.476451e+01 1.520118e+00 9.521675e+01
      vertex 1.494610e+01 4.714539e-01 9.652523e+01
    endloop
  endfacet
  facet normal -9.661070e-02 -7.831725e-01 -6.142535e-01
    outer loop
      vertex 1.494610e+01 4.714539e-01 9.652523e+01
      vertex 1.476451e+01 1.520118e+00 9.521675e+01
      vertex 1.606764e+01 5.244235e-01 9.628130e+01
    endloop
  endfacet
  facet normal -9.648342e-02 -7.831110e-01 -6.143516e-01
    outer loop
      vertex 1.590808e+01 1.446845e+00 9.513055e+01
      vertex 1.606764e+01 5.244235e-01 9.628130e+01
      vertex 1.476451e+01 1.520118e+00 9.521675e+01
    endloop
  endfacet
  facet normal 4.067972e-01 8.987682e-01 1.634980e-01
    outer loop
      vertex 1.590808e+01 1.446845e+00 9.513055e+01
      vertex 1.697575e+01 1.204571e+00 9.380589e+01
      vertex 1.594586e+01 1.695609e+00 9.366905e+01
    endloop
  endfacet
  facet normal 4.069464e-01 8.986758e-01 1.636352e-01
    outer loop
      vertex 1.697575e+01 1.204571e+00 9.380589e+01
      vertex 1.590808e+01 1.446845e+00 9.513055e+01
      vertex 1.694760e+01 1.019761e+00 9.489087e+01
    endloop
  endfacet
  facet normal -4.069464e-01 -8.986758e-01 -1.636352e-01
    outer loop
      vertex 1.694760e+01 1.019761e+00 9.489087e+01
      vertex 1.590808e+01 1.446845e+00 9.513055e+01
      vertex 1.697575e+01 1.204571e+00 9.380589e+01
    endloop
  endfacet
  facet normal -4.067972e-01 -8.987682e-01 -1.634980e-01
    outer loop
      vertex 1.594586e+01 1.695609e+00 9.366905e+01
      vertex 1.697575e+01 1.204571e+00 9.380589e+01
      vertex 1.590808e+01 1.446845e+00 9.513055e+01
    endloop
  endfacet
  facet normal 4.904644e-01 4.158845e-01 7.658230e-01
    outer loop
      vertex 1.606764e+01 5.244235e-01 9.628130e+01
      vertex 1.729903e+01 -6.657698e-01 9.613901e+01
      vertex 1.706605e+01 3.351075e-01 9.574468e+01
    endloop
  endfacet
  facet normal 4.900566e-01 4.153999e-01 7.663468e-01
    outer loop
      vertex 1.729903e+01 -6.657698e-01 9.613901e+01
      vertex 1.606764e+01 5.244235e-01 9.628130e+01
      vertex 1.638125e+01 -8.248270e-01 9.681212e+01
    endloop
  endfacet
  facet normal -4.900566e-01 -4.153999e-01 -7.663468e-01
    outer loop
      vertex 1.638125e+01 -8.248270e-01 9.681212e+01
      vertex 1.606764e+01 5.244235e-01 9.628130e+01
      vertex 1.729903e+01 -6.657698e-01 9.613901e+01
    endloop
  endfacet
  facet normal -4.904644e-01 -4.158845e-01 -7.658230e-01
    outer loop
      vertex 1.706605e+01 3.351075e-01 9.574468e+01
      vertex 1.729903e+01 -6.657698e-01 9.613901e+01
      vertex 1.606764e+01 5.244235e-01 9.628130e+01
    endloop
  endfacet
  facet normal 4.239391e-01 7.344590e-01 5.299488e-01
    outer loop
      vertex 1.606764e+01 5.244235e-01 9.628130e+01
      vertex 1.694760e+01 1.019761e+00 9.489087e+01
      vertex 1.590808e+01 1.446845e+00 9.513055e+01
    endloop
  endfacet
  facet normal 4.241006e-01 7.343261e-01 5.300036e-01
    outer loop
      vertex 1.694760e+01 1.019761e+00 9.489087e+01
      vertex 1.606764e+01 5.244235e-01 9.628130e+01
      vertex 1.706605e+01 3.351075e-01 9.574468e+01
    endloop
  endfacet
  facet normal -4.241006e-01 -7.343261e-01 -5.300036e-01
    outer loop
      vertex 1.706605e+01 3.351075e-01 9.574468e+01
      vertex 1.606764e+01 5.244235e-01 9.628130e+01
      vertex 1.694760e+01 1.019761e+00 9.489087e+01
    endloop
  endfacet
  facet normal -4.239391e-01 -7.344590e-01 -5.299488e-01
    outer loop
      vertex 1.590808e+01 1.446845e+00 9.513055e+01
      vertex 1.694760e+01 1.019761e+00 9.489087e+01
      vertex 1.606764e+01 5.244235e-01 9.628130e+01
    endloop
  endfacet
  facet normal 9.503256e-01 -1.647193e-01 -2.641001e-01
    outer loop
      vertex 1.833897e+01 -1.694164e+00 9.360921e+01
      vertex 1.792109e+01 -2.027183e+00 9.231325e+01
      vertex 1.827587e+01 -1.330100e+00 9.315509e+01
    endloop
  endfacet
  facet normal 9.503108e-01 -1.648780e-01 -2.640545e-01
    outer loop
      vertex 1.792109e+01 -2.027183e+00 9.231325e+01
      vertex 1.833897e+01 -1.694164e+00 9.360921e+01
      vertex 1.803955e+01 -2.711833e+00 9.316708e+01
    endloop
  endfacet
  facet normal 9.066946e-01 4.535107e-02 -4.193427e-01
    outer loop
      vertex 1.815192e+01 -7.977412e-01 9.294532e+01
      vertex 1.792109e+01 -2.027183e+00 9.231325e+01
      vertex 1.768862e+01 -1.026054e+00 9.191889e+01
    endloop
  endfacet
  facet normal 9.064720e-01 4.562490e-02 -4.197940e-01
    outer loop
      vertex 1.792109e+01 -2.027183e+00 9.231325e+01
      vertex 1.815192e+01 -7.977412e-01 9.294532e+01
      vertex 1.827587e+01 -1.330100e+00 9.315509e+01
    endloop
  endfacet
  facet normal 9.616267e-01 -2.735017e-01 -2.169811e-02
    outer loop
      vertex 1.832405e+01 -1.792389e+00 9.418640e+01
      vertex 1.803955e+01 -2.711833e+00 9.316708e+01
      vertex 1.833897e+01 -1.694164e+00 9.360921e+01
    endloop
  endfacet
  facet normal 9.617009e-01 -2.732191e-01 -2.197373e-02
    outer loop
      vertex 1.803955e+01 -2.711833e+00 9.316708e+01
      vertex 1.832405e+01 -1.792389e+00 9.418640e+01
      vertex 1.801190e+01 -2.896397e+00 9.425198e+01
    endloop
  endfacet
  facet normal 8.418304e-01 3.020120e-01 -4.473371e-01
    outer loop
      vertex 1.799994e+01 -2.390366e-01 9.303608e+01
      vertex 1.768862e+01 -1.026054e+00 9.191889e+01
      vertex 1.740339e+01 2.318827e-02 9.209050e+01
    endloop
  endfacet
  facet normal 8.420265e-01 3.017045e-01 -4.471752e-01
    outer loop
      vertex 1.768862e+01 -1.026054e+00 9.191889e+01
      vertex 1.799994e+01 -2.390366e-01 9.303608e+01
      vertex 1.815192e+01 -7.977412e-01 9.294532e+01
    endloop
  endfacet
  facet normal 9.374481e-01 -2.501577e-01 2.420997e-01
    outer loop
      vertex 1.784512e+01 -2.531851e+00 9.527683e+01
      vertex 1.832405e+01 -1.792389e+00 9.418640e+01
      vertex 1.823492e+01 -1.598475e+00 9.473190e+01
    endloop
  endfacet
  facet normal 9.374045e-01 -2.506841e-01 2.417236e-01
    outer loop
      vertex 1.832405e+01 -1.792389e+00 9.418640e+01
      vertex 1.784512e+01 -2.531851e+00 9.527683e+01
      vertex 1.801190e+01 -2.896397e+00 9.425198e+01
    endloop
  endfacet
  facet normal 7.733939e-01 5.350609e-01 -3.399586e-01
    outer loop
      vertex 1.786163e+01 1.954031e-01 9.340402e+01
      vertex 1.740339e+01 2.318827e-02 9.209050e+01
      vertex 1.714201e+01 8.397686e-01 9.278109e+01
    endloop
  endfacet
  facet normal 7.738602e-01 5.343427e-01 -3.400271e-01
    outer loop
      vertex 1.740339e+01 2.318827e-02 9.209050e+01
      vertex 1.786163e+01 1.954031e-01 9.340402e+01
      vertex 1.799994e+01 -2.390366e-01 9.303608e+01
    endloop
  endfacet
  facet normal 8.839366e-01 -1.028363e-01 4.561588e-01
    outer loop
      vertex 1.784512e+01 -2.531851e+00 9.527683e+01
      vertex 1.823492e+01 -1.598475e+00 9.473190e+01
      vertex 1.758373e+01 -1.715270e+00 9.596743e+01
    endloop
  endfacet
  facet normal 7.197714e-01 6.828367e-01 -1.251530e-01
    outer loop
      vertex 1.786163e+01 1.954031e-01 9.340402e+01
      vertex 1.714201e+01 8.397686e-01 9.278109e+01
      vertex 1.777251e+01 3.893265e-01 9.394953e+01
    endloop
  endfacet
  facet normal 8.838632e-01 -1.042008e-01 4.559911e-01
    outer loop
      vertex 1.823492e+01 -1.598475e+00 9.473190e+01
      vertex 1.809660e+01 -1.164081e+00 9.509928e+01
      vertex 1.758373e+01 -1.715270e+00 9.596743e+01
    endloop
  endfacet
